Algorithm: rf
Accuracy: 0.8795811518324608
F1: 0.8321167883211679
Precision: 0.890625
Sensitivity: 0.7808219178082192
Specificity: 0.940677966101695
