Algorithm: lr
Accuracy: 0.8743455497382199
F1: 0.8536585365853658
Precision: 0.8860759493670886
Sensitivity: 0.8235294117647058
Specificity: 0.9150943396226415
