lr: 0.8743455497382199
nb: 0.7643979057591623
knn: 0.8481675392670157
svm: 0.8586387434554974
rf: 0.8638743455497382
