Algorithm: svm
Accuracy: 0.8429319371727748
F1: 0.8051948051948052
Precision: 0.8378378378378378
Sensitivity: 0.775
Specificity: 0.8918918918918919
