Algorithm: nb
Accuracy: 0.8167539267015707
F1: 0.779874213836478
Precision: 0.7126436781609196
Sensitivity: 0.8611111111111112
Specificity: 0.7899159663865546
